Gen   ID    Origin   Composition    Enthalpy   Volume  Density   Fitness   KPOINTS  SYMM  Q_entr A_order S_order
                                      (eV)     (A^3)  (g/cm^3)
  1   10   RandTop   [    17  3  ]  -178.236   245.364   6.995   -178.236  [ 2  1  3]   2  0.099  2.870  2.581 
  2   21 Permutate   [    17  3  ]  -178.553   251.497   6.824   -178.553  [ 2  2  3]   6  0.119  3.322  2.902 
  3   42  Heredity   [    17  3  ]  -178.983   251.613   6.821   -178.983  [ 2  2  3]  10  0.122  3.200  2.777 
  4   72  Heredity   [    17  3  ]  -178.984   251.561   6.822   -178.984  [ 2  2  3]  10  0.124  3.219  2.785 
  5  100   Random    [    17  3  ]  -179.163   252.694   6.792   -179.163  [ 2  2  2] 166  0.110  3.579  3.130 
  6  116 keptBest    [    17  3  ]  -179.163   252.694   6.792   -179.163  [ 2  2  2] 166  0.110  3.579  3.130 
  7  143  Heredity   [    17  3  ]  -179.177   253.229   6.777   -179.177  [ 2  2  2]   8  0.083  3.427  3.131 
  8  157 keptBest    [    17  3  ]  -179.177   253.229   6.777   -179.177  [ 2  2  2]   8  0.083  3.427  3.131 
  9  177 keptBest    [    17  3  ]  -179.177   253.229   6.777   -179.177  [ 2  2  2]   8  0.083  3.427  3.131 
 10  200 keptBest    [    17  3  ]  -179.177   253.229   6.777   -179.177  [ 2  2  2]   8  0.083  3.427  3.131 
 11  219 keptBest    [    17  3  ]  -179.177   253.229   6.777   -179.177  [ 2  2  2]   8  0.083  3.427  3.131 
 12  240 keptBest    [    17  3  ]  -179.177   253.229   6.777   -179.177  [ 2  2  2]   8  0.083  3.427  3.131 
 13  265 keptBest    [    17  3  ]  -179.177   253.229   6.777   -179.177  [ 2  2  2]   8  0.083  3.427  3.131 
 14  286  Heredity   [    17  3  ]  -179.258   252.873   6.787   -179.258  [ 2  2  2]  12  0.081  3.283  3.009 
 15  309 keptBest    [    17  3  ]  -179.258   252.873   6.787   -179.258  [ 2  2  2]  12  0.081  3.283  3.009 
 16  331  Heredity   [    17  3  ]  -179.266   252.964   6.785   -179.266  [ 2  2  2]  12  0.081  3.278  3.004 
 17  359 keptBest    [    17  3  ]  -179.266   252.964   6.785   -179.266  [ 2  2  2]  12  0.081  3.278  3.004 
 18  375 keptBest    [    17  3  ]  -179.266   252.964   6.785   -179.266  [ 2  2  2]  12  0.081  3.278  3.004 
 19  396 keptBest    [    17  3  ]  -179.266   252.964   6.785   -179.266  [ 2  2  2]  12  0.081  3.278  3.004 
 20  420  Heredity   [    17  3  ]  -179.267   252.987   6.784   -179.267  [ 2  2  2]  12  0.081  3.279  3.006 
 21  448 keptBest    [    17  3  ]  -179.267   252.987   6.784   -179.267  [ 2  2  2]  12  0.081  3.279  3.006 
 22  466 keptBest    [    17  3  ]  -179.267   252.987   6.784   -179.267  [ 2  2  2]  12  0.081  3.279  3.006 
 23  486 keptBest    [    17  3  ]  -179.267   252.987   6.784   -179.267  [ 2  2  2]  12  0.081  3.279  3.006 
 24  511 keptBest    [    17  3  ]  -179.267   252.987   6.784   -179.267  [ 2  2  2]  12  0.081  3.279  3.006 
 25  529  Heredity   [    17  3  ]  -179.267   252.910   6.786   -179.267  [ 2  2  2]  12  0.081  3.278  3.004 
 26  556 keptBest    [    17  3  ]  -179.267   252.910   6.786   -179.267  [ 2  2  2]  12  0.081  3.278  3.004 
 27  579 keptBest    [    17  3  ]  -179.267   252.910   6.786   -179.267  [ 2  2  2]  12  0.081  3.278  3.004 
 28  608 keptBest    [    17  3  ]  -179.267   252.910   6.786   -179.267  [ 2  2  2]  12  0.081  3.278  3.004 
 29  626 keptBest    [    17  3  ]  -179.267   252.910   6.786   -179.267  [ 2  2  2]  12  0.081  3.278  3.004 
 30  646 keptBest    [    17  3  ]  -179.267   252.910   6.786   -179.267  [ 2  2  2]  12  0.081  3.278  3.004 
 31  670 keptBest    [    17  3  ]  -179.267   252.910   6.786   -179.267  [ 2  2  2]  12  0.081  3.278  3.004 
 32  703   RandTop   [    17  3  ]  -179.453   250.336   6.856   -179.453  [ 2  1  3]  10  0.107  3.188  2.808 
 33  718 keptBest    [    17  3  ]  -179.453   250.336   6.856   -179.453  [ 2  1  3]  10  0.107  3.188  2.808 
 34  748 keptBest    [    17  3  ]  -179.453   250.336   6.856   -179.453  [ 2  1  3]  10  0.107  3.188  2.808 
 35  763 keptBest    [    17  3  ]  -179.453   250.336   6.856   -179.453  [ 2  1  3]  10  0.107  3.188  2.808 
 36  778 keptBest    [    17  3  ]  -179.453   250.336   6.856   -179.453  [ 2  1  3]  10  0.107  3.188  2.808 
 37  819   RandTop   [    17  3  ]  -179.454   250.299   6.857   -179.454  [ 2  1  3]  10  0.107  3.189  2.809 
 38  828 keptBest    [    17  3  ]  -179.454   250.299   6.857   -179.454  [ 2  1  3]  10  0.107  3.189  2.809 
 39  850 keptBest    [    17  3  ]  -179.454   250.299   6.857   -179.454  [ 2  1  3]  10  0.107  3.189  2.809 
 40  870 keptBest    [    17  3  ]  -179.454   250.299   6.857   -179.454  [ 2  1  3]  10  0.107  3.189  2.809 
 41  892 keptBest    [    17  3  ]  -179.454   250.299   6.857   -179.454  [ 2  1  3]  10  0.107  3.189  2.809 
 42  916 keptBest    [    17  3  ]  -179.454   250.299   6.857   -179.454  [ 2  1  3]  10  0.107  3.189  2.809 
 43  940 keptBest    [    17  3  ]  -179.454   250.299   6.857   -179.454  [ 2  1  3]  10  0.107  3.189  2.809 
 44  958 keptBest    [    17  3  ]  -179.454   250.299   6.857   -179.454  [ 2  1  3]  10  0.107  3.189  2.809 
 45  982 keptBest    [    17  3  ]  -179.454   250.299   6.857   -179.454  [ 2  1  3]  10  0.107  3.189  2.809 
 46 1006 keptBest    [    17  3  ]  -179.454   250.299   6.857   -179.454  [ 2  1  3]  10  0.107  3.189  2.809 
 47 1026 keptBest    [    17  3  ]  -179.454   250.299   6.857   -179.454  [ 2  1  3]  10  0.107  3.189  2.809 
 48 1051 keptBest    [    17  3  ]  -179.454   250.299   6.857   -179.454  [ 2  1  3]  10  0.107  3.189  2.809 
 49 1074 keptBest    [    17  3  ]  -179.454   250.299   6.857   -179.454  [ 2  1  3]  10  0.107  3.189  2.809 
 50 1091 keptBest    [    17  3  ]  -179.454   250.299   6.857   -179.454  [ 2  1  3]  10  0.107  3.189  2.809 
 51 1113 keptBest    [    17  3  ]  -179.454   250.299   6.857   -179.454  [ 2  1  3]  10  0.107  3.189  2.809 
