-169.108
-172.214
-167.491
-170.370
-166.544
-171.078
-172.167
-170.762
-171.670
-178.236
-173.197
-169.248
-176.311
-172.809
-175.073
-175.210
-176.500
-173.668
-174.374
-154.966
-178.553
-178.236
-176.500
-167.506
-167.854
-173.197
-172.858
-176.709
-164.968
-173.239
-173.131
-169.712
-167.831
-167.288
-171.841
-176.686
-175.930
-172.377
-177.286
-174.825
-154.500
-178.983
-169.914
-178.553
-176.709
-173.197
-178.828
-178.057
-178.928
-178.160
-172.160
-178.513
-176.622
-178.693
-169.789
-176.138
-174.837
-170.236
-178.580
-175.187
-173.539
-173.682
-155.928
-178.603
-178.249
-169.401
-166.776
-178.955
-178.858
-178.983
-178.580
-178.984
-178.020
-176.709
-178.611
-166.587
-172.721
-169.115
-178.043
-169.781
-176.470
-173.675
-177.288
-174.778
-177.149
-154.482
-178.963
-178.977
-178.746
-178.984
-166.273
-178.739
-178.646
-178.580
-178.763
-177.288
-178.235
-162.240
-164.551
-179.163
-159.656
-177.849
-178.344
-178.311
-173.072
-175.509
-174.436
-170.284
-178.982
-162.010
-178.865
-178.858
-178.925
-178.168
-178.282
-179.163
-153.373
-177.849
-177.288
-178.622
-168.618
-170.826
-171.449
-178.037
-179.101
-174.765
-171.931
-173.736
-176.345
-176.744
-173.221
-178.958
-178.950
-178.373
-178.945
-162.529
-169.560
-178.946
-147.419
-179.163
-177.849
-177.288
-179.177
-178.708
-176.929
-167.877
-171.321
-175.300
-174.937
-173.953
-178.548
-178.745
-178.911
-147.429
-178.854
-178.901
-179.177
-178.647
-175.300
-173.953
-179.177
-175.020
-173.507
-175.191
-168.764
-178.517
-176.180
-178.037
-173.656
-174.481
-177.908
-175.772
-177.092
-147.429
-162.010
-165.708
-179.177
-156.197
-178.689
-178.913
-166.067
-176.180
-178.917
-171.689
-175.772
-168.790
-179.115
-171.061
-178.399
-178.304
-174.643
-173.407
-177.241
-178.733
-165.027
-175.247
-178.670
-161.685
-161.543
-179.177
-178.728
-178.881
-178.662
-179.107
-178.732
-178.945
-176.180
-175.772
-169.588
-167.546
-178.554
-164.855
-176.004
-172.879
-178.565
-164.561
-178.687
-178.711
-179.177
-176.180
-171.277
-175.772
-174.606
-177.972
-177.614
-173.644
-168.901
-168.759
-176.978
-169.239
-178.413
-173.133
-174.371
-175.437
-177.311
-172.571
-179.111
-178.913
-179.103
-179.177
-176.180
-175.772
-160.960
-172.908
-166.027
-173.518
-178.737
-178.977
-174.677
-172.918
-177.894
-179.173
-178.344
-173.185
-174.081
-175.324
-174.436
-166.066
-166.911
-178.856
-179.158
-178.978
-178.315
-178.170
-179.177
-176.180
-175.772
-174.947
-154.340
-178.783
-160.948
-178.281
-166.953
-175.952
-179.092
-178.786
-172.988
-177.594
-178.496
-176.400
-178.749
-155.889
-179.154
-178.843
-178.881
-179.258
-179.177
-179.136
-171.760
-176.180
-175.772
-178.992
-178.662
-172.952
-171.877
-172.594
-171.115
-175.978
-178.523
-176.675
-177.593
-178.714
-174.824
-165.304
-145.046
-179.044
-178.913
-167.813
-179.258
-178.368
-178.651
-179.176
-179.176
-179.175
-178.298
-165.369
-166.028
-176.180
-166.466
-175.772
-178.222
-162.795
-167.717
-177.183
-178.509
-179.178
-169.356
-178.498
-178.611
-179.258
-179.266
-178.674
-176.180
-179.177
-179.263
-167.797
-175.772
-167.709
-171.597
-168.896
-178.669
-178.714
-176.409
-172.715
-173.153
-174.436
-177.980
-157.915
-170.314
-179.244
-179.156
-164.102
-178.934
-178.675
-178.685
-178.233
-178.649
-170.529
-179.266
-176.180
-175.772
-169.690
-178.622
-177.519
-178.234
-172.659
-178.872
-176.200
-176.949
-166.273
-163.358
-179.193
-178.848
-167.594
-179.266
-178.460
-178.684
-179.265
-179.261
-178.913
-176.180
-175.772
-166.067
-172.831
-178.199
-170.618
-176.856
-170.571
-177.526
-177.594
-173.229
-155.889
-179.175
-178.697
-178.970
-179.266
-154.482
-163.672
-144.957
-178.333
-179.152
-178.917
-178.812
-176.180
-175.772
-162.568
-169.337
-165.419
-175.525
-169.752
-161.261
-177.790
-177.593
-175.878
-154.490
-178.911
-152.973
-179.178
-178.709
-179.267
-179.266
-179.266
-160.984
-166.070
-179.266
-176.180
-175.772
-178.688
-172.678
-171.235
-177.249
-161.644
-177.837
-173.334
-175.685
-175.997
-174.485
-178.686
-179.267
-178.920
-178.937
-179.179
-169.071
-155.327
-166.070
-178.651
-178.496
-179.267
-179.178
-176.180
-175.772
-178.783
-169.644
-171.773
-174.485
-178.564
-179.119
-178.728
-165.527
-178.903
-166.051
-179.179
-179.266
-179.179
-178.919
-179.267
-168.188
-176.243
-176.180
-175.772
-160.994
-179.179
-177.824
-173.985
-176.103
-171.664
-174.485
-178.376
-174.142
-175.040
-169.117
-178.935
-178.686
-178.933
-167.826
-179.267
-155.950
-179.019
-176.243
-175.772
-178.905
-178.940
-178.676
-174.682
-165.820
-172.823
-168.197
-167.160
-177.195
-179.027
-176.103
-177.101
-176.746
-157.919
-154.490
-178.680
-178.933
-179.177
-178.935
-178.935
-179.267
-178.681
-179.151
-176.243
-175.772
-178.920
-168.815
-175.666
-179.131
-172.582
-175.313
-175.998
-175.179
-177.066
-175.805
-174.258
-155.889
-178.944
-179.267
-179.178
-179.178
-178.920
-170.378
-166.826
-179.267
-178.681
-178.573
-166.273
-173.780
-176.243
-175.772
-178.578
-171.370
-176.208
-179.169
-175.112
-178.536
-157.915
-163.358
-178.674
-179.251
-179.178
-159.908
-169.601
-167.826
-179.267
-178.965
-178.913
-176.243
-175.772
-179.265
-178.929
-178.872
-178.982
-175.304
-166.520
-172.375
-174.486
-177.859
-178.555
-169.117
-179.186
-178.700
-178.693
-179.064
-179.259
-179.087
-178.478
-179.267
-178.910
-176.243
-164.102
-175.772
-167.328
-168.971
-172.415
-175.998
-168.048
-178.758
-175.741
-171.607
-179.136
-173.235
-169.312
-172.705
-179.152
-178.912
-160.603
-178.504
-178.683
-179.001
-178.743
-178.935
-179.267
-175.380
-166.683
-167.367
-179.267
-176.243
-175.772
-177.616
-170.917
-175.978
-177.195
-176.001
-173.809
-172.117
-154.388
-179.215
-178.519
-179.178
-178.675
-178.844
-178.889
-163.357
-179.267
-166.407
-176.243
-175.772
-178.686
-178.273
-171.975
-168.428
-176.886
-173.656
-177.926
-171.802
-175.509
-171.272
-178.681
-179.001
-179.143
-178.469
-178.545
-178.895
-179.267
-160.484
-168.547
-170.330
-176.243
-175.772
-178.480
-178.521
-171.565
-178.484
-169.352
-172.919
-173.987
-176.746
-172.912
-179.000
-179.177
-179.174
-173.061
-170.367
-150.641
-178.620
-178.910
-172.700
-179.267
-176.243
-178.376
-178.650
-179.002
-178.478
-175.772
-172.107
-166.625
-174.207
-173.982
-176.409
-172.716
-173.878
-168.666
-178.635
-178.972
-178.973
-178.913
-179.178
-179.001
-178.705
-178.677
-179.267
-178.663
-176.243
-159.031
-175.772
-169.083
-172.376
-171.492
-171.035
-176.103
-179.453
-172.873
-178.914
-179.101
-154.490
-179.267
-178.595
-178.710
-179.178
-178.594
-178.656
-178.876
-166.066
-157.919
-167.826
-179.453
-179.039
-170.692
-171.127
-176.243
-175.772
-177.123
-171.128
-178.314
-175.685
-176.540
-178.918
-178.504
-178.692
-177.791
-178.486
-178.968
-179.000
-155.889
-171.909
-168.855
-167.826
-165.562
-175.027
-162.658
-179.039
-178.554
-166.662
-160.079
-175.589
-179.453
-177.123
-175.772
-172.448
-156.701
-179.050
-179.243
-178.589
-179.042
-179.068
-178.957
-178.693
-178.616
-162.617
-170.193
-179.453
-179.039
-177.123
-169.337
-175.772
-178.752
-163.921
-178.317
-176.428
-175.079
-171.015
-178.564
-178.924
-154.397
-178.972
-179.453
-179.043
-178.647
-179.042
-178.874
-171.023
-167.868
-157.915
-177.123
-179.039
-178.554
-175.772
-178.652
-178.125
-166.995
-172.874
-172.687
-178.564
-178.558
-177.868
-179.030
-179.044
-162.137
-152.994
-178.911
-179.453
-179.188
-178.996
-177.123
-178.448
-169.825
-175.772
-178.385
-168.251
-175.212
-178.651
-174.755
-174.167
-176.546
-176.220
-171.161
-179.454
-173.415
-178.997
-176.921
-178.464
-179.076
-178.437
-178.588
-172.289
-179.454
-177.123
-175.772
-167.326
-169.184
-174.359
-175.686
-178.524
-170.442
-174.491
-168.664
-174.388
-174.308
-176.545
-174.770
-175.880
-178.621
-178.695
-161.585
-178.560
-154.490
-167.451
-179.454
-177.123
-178.926
-175.772
-178.382
-178.414
-176.505
-175.311
-179.353
-178.796
-172.411
-169.689
-177.064
-175.647
-176.746
-178.928
-179.367
-179.040
-179.224
-154.490
-179.454
-177.123
-175.772
-178.802
-178.803
-170.882
-171.000
-164.194
-166.462
-178.555
-178.415
-175.089
-176.658
-175.413
-174.072
-174.436
-175.775
-177.244
-178.590
-179.044
-178.716
-179.022
-179.454
-178.813
-164.253
-171.392
-178.843
-179.038
-177.123
-175.772
-166.558
-179.069
-175.997
-172.530
-172.629
-178.942
-178.489
-174.262
-177.019
-164.343
-179.056
-178.656
-178.261
-178.783
-167.150
-170.049
-179.454
-168.093
-178.609
-179.006
-177.123
-175.772
-178.997
-164.714
-178.410
-177.192
-173.352
-178.623
-178.784
-175.773
-174.481
-175.649
-179.044
-178.787
-172.143
-179.038
-166.959
-178.482
-179.041
-177.703
-179.454
-177.123
-163.051
-175.772
-177.382
-178.849
-173.894
-176.829
-173.957
-173.404
-177.596
-173.198
-170.244
-178.693
-170.372
-154.482
-179.059
-178.973
-179.454
-177.382
-179.042
-178.807
-175.772
-163.727
-169.080
-178.152
-174.940
-173.248
-178.306
-177.255
-178.639
-177.092
-175.755
-178.704
-175.512
-174.066
-175.989
-179.032
-178.633
-178.947
-178.997
-178.953
-179.454
-177.325
-155.950
-155.951
-179.179
-178.370
-178.367
-175.331
-165.026
-177.382
-175.772
-175.760
-170.798
-173.957
-170.925
-179.115
-174.434
-157.915
-179.042
-178.682
-178.722
-178.623
-179.040
-178.695
-179.454
-164.694
-176.065
-170.710
-171.742
-178.436
-160.360
-177.382
-175.772
-178.951
-178.549
-175.476
-175.132
-173.834
-176.438
-178.552
-178.911
-179.019
-166.067
-178.830
-179.454
-177.382
-176.065
-167.751
-179.044
-179.041
-177.825
-178.157
-169.198
-173.652
-169.255
-178.869
-169.453
-173.656
-177.192
-178.489
-177.097
-177.229
-178.919
-163.018
-178.931
-179.130
-178.193
-178.127
-164.368
-179.454
-178.803
-170.364
-177.382
-176.065
-178.699
-179.369
-173.907
-166.007
-178.304
-178.546
-175.773
-174.149
-161.210
-161.530
-155.747
-178.658
-179.043
-179.293
-178.607
-178.620
-178.576
-168.081
-179.454
-177.382
-178.820
-178.803
-176.065
-179.042
-171.786
-170.744
-173.978
-173.748
-179.114
-177.568
-175.585
-155.950
-166.273
-179.042
-179.034
-179.454
-178.199
-178.085
-178.646
-178.839
-177.975
-168.362
-176.256
-168.608
-177.382
-176.065
-171.513
-167.242
-178.688
-175.773
-172.977
-175.120
-177.146
-178.701
-178.699
-179.039
-178.998
-179.454
-177.382
-178.823
-178.843
-176.256
-179.067
-178.156
-169.629
-169.809
-174.181
-162.642
-169.360
-157.033
-177.462
-172.832
-178.553
-176.642
-178.967
