 ID    Origin    Enthalpy   Parent-E   Parent-ID
   1   Random      -8.455    -8.455  [         0]
   2   Random      -8.611    -8.611  [         0]
   3   Random      -8.375    -8.375  [         0]
   4   Random      -8.519    -8.519  [         0]
   5   Random      -8.327    -8.327  [         0]
   6   Random      -8.554    -8.554  [         0]
   7   Random      -8.608    -8.608  [         0]
   8   Random      -8.538    -8.538  [         0]
   9   Random      -8.584    -8.584  [         0]
  10   RandTop     -8.912    -8.912  [         0]
  11   Random      -8.660    -8.660  [         0]
  12   Random      -8.462    -8.462  [         0]
  13   RandTop     -8.816    -8.816  [         0]
  14   RandTop     -8.640    -8.640  [         0]
  15   Random      -8.754    -8.754  [         0]
  16   RandTop     -8.760    -8.760  [         0]
  17   RandTop     -8.825    -8.825  [         0]
  18   RandTop     -8.683    -8.683  [         0]
  19   Random      -8.719    -8.719  [         0]
  20   Random      -7.748    -7.748  [         0]
  21 Permutate     -8.928    -8.912  [        10]
  22 keptBest      -8.912    -8.912  [        10]
  23 keptBest      -8.825    -8.825  [        17]
  24   Random      -8.375    -8.375  [         0]
  25   Random      -8.393    -8.393  [         0]
  26 keptBest      -8.660    -8.660  [        11]
  27   Random      -8.643    -8.643  [         0]
  28 Permutate     -8.835    -8.825  [        17]
  29   Random      -8.248    -8.248  [         0]
  30  Heredity     -8.662    -8.853  [    18  10]
  31   Random      -8.657    -8.657  [         0]
  32   Random      -8.486    -8.486  [         0]
  33   Random      -8.392    -8.392  [         0]
  34   Random      -8.364    -8.364  [         0]
  35   Random      -8.592    -8.592  [         0]
  36  Heredity     -8.834    -8.771  [    14  13]
  37   RandTop     -8.797    -8.797  [         0]
  38   RandTop     -8.619    -8.619  [         0]
  39   RandTop     -8.864    -8.864  [         0]
  40   Random      -8.741    -8.741  [         0]
  41   Random      -7.725    -7.725  [         0]
  42  Heredity     -8.949    -8.923  [    22  21]
  43   Random      -8.496    -8.496  [         0]
  44 keptBest      -8.928    -8.928  [        21]
  45 keptBest      -8.835    -8.835  [        28]
  46 keptBest      -8.660    -8.660  [        26]
  47  Heredity     -8.941    -8.858  [    28  22]
  48  Heredity     -8.903    -8.920  [    21  22]
  49  Heredity     -8.946    -8.916  [    22  21]
  50  Heredity     -8.908    -8.918  [    22  21]
  51   Random      -8.608    -8.608  [         0]
  52  Heredity     -8.926    -8.894  [    22  39]
  53   Random      -8.831    -8.831  [         0]
  54  Heredity     -8.935    -8.887  [    21  39]
  55   Random      -8.489    -8.489  [         0]
  56   RandTop     -8.807    -8.807  [         0]
  57 Permutate     -8.742    -8.662  [        30]
  58   RandTop     -8.512    -8.512  [         0]
  59 Permutate     -8.929    -8.643  [        27]
  60   Random      -8.759    -8.759  [         0]
  61   Random      -8.677    -8.677  [         0]
  62   RandTop     -8.684    -8.684  [         0]
  63   Random      -7.796    -7.796  [         0]
  64  Heredity     -8.930    -8.927  [    52  44]
  65  Heredity     -8.912    -8.934  [    42  50]
  66   Random      -8.470    -8.470  [         0]
  67   Random      -8.339    -8.339  [         0]
  68 Permutate     -8.948    -8.941  [        47]
  69 Permutate     -8.943    -8.949  [        42]
  70 keptBest      -8.949    -8.949  [        42]
  71 keptBest      -8.929    -8.929  [        59]
  72  Heredity     -8.949    -8.935  [    44  47]
  73  Heredity     -8.901    -8.928  [    47  48]
  74 keptBest      -8.835    -8.835  [        45]
  75  Heredity     -8.931    -8.935  [    47  52]
  76   Random      -8.329    -8.329  [         0]
  77   Random      -8.636    -8.636  [         0]
  78   Random      -8.456    -8.456  [         0]
  79  Heredity     -8.902    -8.934  [    42  44]
  80   Random      -8.489    -8.489  [         0]
  81   RandTop     -8.823    -8.823  [         0]
  82   RandTop     -8.684    -8.684  [         0]
  83 softmutate    -8.864    -8.949  [        42]
  84  Heredity     -8.739    -8.917  [    44  48]
  85   RandTop     -8.857    -8.857  [         0]
  86   Random      -7.724    -7.724  [         0]
  87  Heredity     -8.948    -8.936  [    75  72]
  88  Heredity     -8.949    -8.895  [    83  72]
  89  Heredity     -8.937    -8.943  [    72  75]
  90 keptBest      -8.949    -8.949  [        72]
  91   Random      -8.314    -8.314  [         0]
  92 Permutate     -8.937    -8.929  [        71]
  93 Permutate     -8.932    -8.949  [        72]
  94 keptBest      -8.929    -8.929  [        71]
  95  Heredity     -8.938    -8.898  [    65  83]
  96 keptBest      -8.864    -8.864  [        83]
  97  Heredity     -8.912    -8.909  [    79  65]
  98   Random      -8.112    -8.112  [         0]
  99   Random      -8.228    -8.228  [         0]
 100   Random      -8.958    -8.958  [         0]
 101   Random      -7.983    -7.983  [         0]
 102  Heredity     -8.892    -8.890  [    84  72]
 103  Heredity     -8.917    -8.906  [    83  72]
 104   RandTop     -8.916    -8.916  [         0]
 105   Random      -8.654    -8.654  [         0]
 106   RandTop     -8.775    -8.775  [         0]
 107   RandTop     -8.722    -8.722  [         0]
 108 softmutate    -8.514    -8.739  [        84]
 109  Heredity     -8.949    -8.946  [    95  90]
 110   Random      -8.101    -8.101  [         0]
 111 Permutate     -8.943    -8.949  [        90]
 112 Permutate     -8.943    -8.949  [        90]
 113  Heredity     -8.946    -8.932  [   95  104]
 114  Heredity     -8.908    -8.902  [  103  102]
 115  Heredity     -8.914    -8.944  [    95  90]
 116 keptBest      -8.958    -8.958  [       100]
 117   Random      -7.669    -7.669  [         0]
 118 keptBest      -8.892    -8.892  [       102]
 119 keptBest      -8.864    -8.864  [        96]
 120  Heredity     -8.931    -8.914  [   95  102]
 121   Random      -8.431    -8.431  [         0]
 122   Random      -8.541    -8.541  [         0]
 123   Random      -8.572    -8.572  [         0]
 124  Heredity     -8.902    -8.939  [   90  104]
 125  Heredity     -8.955    -8.953  [   90  100]
 126   RandTop     -8.738    -8.738  [         0]
 127   Random      -8.597    -8.597  [         0]
 128   Random      -8.687    -8.687  [         0]
 129 softmutate    -8.817    -8.937  [        89]
 130   RandTop     -8.837    -8.837  [         0]
 131   RandTop     -8.661    -8.661  [         0]
 132  Heredity     -8.948    -8.920  [  114  109]
 133  Heredity     -8.948    -8.907  [  113  118]
 134  Heredity     -8.919    -8.937  [  115  113]
 135  Heredity     -8.947    -8.920  [  114  113]
 136   Random      -8.126    -8.126  [         0]
 137   Random      -8.478    -8.478  [         0]
 138 Permutate     -8.947    -8.958  [       116]
 139   Random      -7.371    -7.371  [         0]
 140 keptBest      -8.958    -8.958  [       116]
 141 keptBest      -8.892    -8.892  [       118]
 142 keptBest      -8.864    -8.864  [       119]
 143  Heredity     -8.959    -8.957  [  116  125]
 144  Heredity     -8.935    -8.937  [  120  109]
 145 Permutate     -8.846    -8.817  [       129]
 146   Random      -8.394    -8.394  [         0]
 147   Random      -8.566    -8.566  [         0]
 148   RandTop     -8.765    -8.765  [         0]
 149  Heredity     -8.747    -8.894  [  115  119]
 150   Random      -8.698    -8.698  [         0]
 151   RandTop     -8.927    -8.927  [         0]
 152   RandTop     -8.937    -8.937  [         0]
 153 Permutate     -8.946    -8.927  [       151]
 154   Random      -7.371    -7.371  [         0]
 155  Heredity     -8.943    -8.930  [  134  132]
 156  Heredity     -8.945    -8.930  [  134  133]
 157 keptBest      -8.959    -8.959  [       143]
 158 Permutate     -8.932    -8.948  [       132]
 159 keptBest      -8.765    -8.765  [       148]
 160 keptBest      -8.698    -8.698  [       150]
 161  Heredity     -8.959    -8.959  [  140  143]
 162  Heredity     -8.751    -8.855  [  149  141]
 163   Random      -8.675    -8.675  [         0]
 164   Random      -8.760    -8.760  [         0]
 165   Random      -8.438    -8.438  [         0]
 166  Heredity     -8.926    -8.952  [  143  132]
 167  Heredity     -8.809    -8.904  [  145  143]
 168   Random      -8.902    -8.902  [         0]
 169   RandTop     -8.683    -8.683  [         0]
 170   RandTop     -8.724    -8.724  [         0]
 171  Heredity     -8.895    -8.953  [  140  132]
 172   Random      -8.789    -8.789  [         0]
 173   RandTop     -8.855    -8.855  [         0]
 174   Random      -7.371    -7.371  [         0]
 175   Random      -8.101    -8.101  [         0]
 176   Random      -8.285    -8.285  [         0]
 177 keptBest      -8.959    -8.959  [       157]
 178   Random      -7.810    -7.810  [         0]
 179 Permutate     -8.934    -8.926  [       166]
 180 Permutate     -8.946    -8.959  [       157]
 181   Random      -8.303    -8.303  [         0]
 182 keptBest      -8.809    -8.809  [       167]
 183  Heredity     -8.946    -8.949  [  157  166]
 184   Random      -8.584    -8.584  [         0]
 185 keptBest      -8.789    -8.789  [       172]
 186   Random      -8.439    -8.439  [         0]
 187  Heredity     -8.956    -8.935  [  166  153]
 188   Random      -8.553    -8.553  [         0]
 189  Heredity     -8.920    -8.955  [  153  157]
 190   RandTop     -8.915    -8.915  [         0]
 191  Heredity     -8.732    -8.757  [  163  168]
 192   RandTop     -8.670    -8.670  [         0]
 193   RandTop     -8.862    -8.862  [         0]
 194  Heredity     -8.937    -8.942  [  183  179]
 195   Random      -8.251    -8.251  [         0]
 196   Random      -8.762    -8.762  [         0]
 197 Permutate     -8.933    -8.934  [       179]
 198   Random      -8.084    -8.084  [         0]
 199   Random      -8.077    -8.077  [         0]
 200 keptBest      -8.959    -8.959  [       177]
 201  Heredity     -8.936    -8.942  [  179  183]
 202  Heredity     -8.944    -8.938  [  179  183]
 203  Heredity     -8.933    -8.936  [  189  187]
 204  Heredity     -8.955    -8.900  [  190  193]
 205  Heredity     -8.937    -8.942  [  179  183]
 206  Heredity     -8.947    -8.954  [  177  183]
 207 keptBest      -8.809    -8.809  [       182]
 208 keptBest      -8.789    -8.789  [       185]
 209   Random      -8.479    -8.479  [         0]
 210   Random      -8.377    -8.377  [         0]
 211 Permutate     -8.928    -8.915  [       190]
 212   Random      -8.243    -8.243  [         0]
 213   RandTop     -8.800    -8.800  [         0]
 214   RandTop     -8.644    -8.644  [         0]
 215   RandTop     -8.928    -8.928  [         0]
 216   Random      -8.228    -8.228  [         0]
 217 Permutate     -8.934    -8.947  [       206]
 218 Permutate     -8.936    -8.947  [       206]
 219 keptBest      -8.959    -8.959  [       200]
 220 keptBest      -8.809    -8.809  [       207]
 221   Random      -8.564    -8.564  [         0]
 222 keptBest      -8.789    -8.789  [       208]
 223   Random      -8.730    -8.730  [         0]
 224  Heredity     -8.899    -8.932  [  201  211]
 225  Heredity     -8.881    -8.949  [  204  206]
 226   Random      -8.682    -8.682  [         0]
 227   Random      -8.445    -8.445  [         0]
 228   Random      -8.438    -8.438  [         0]
 229  Heredity     -8.849    -8.851  [  204  213]
 230   Random      -8.462    -8.462  [         0]
 231  Heredity     -8.921    -8.947  [  201  200]
 232   RandTop     -8.657    -8.657  [         0]
 233   Random      -8.719    -8.719  [         0]
 234  Heredity     -8.772    -8.956  [  200  204]
 235   RandTop     -8.866    -8.866  [         0]
 236   RandTop     -8.629    -8.629  [         0]
 237  Heredity     -8.956    -8.870  [  225  229]
 238 Permutate     -8.946    -8.959  [       219]
 239 Permutate     -8.955    -8.849  [       229]
 240 keptBest      -8.959    -8.959  [       219]
 241 keptBest      -8.809    -8.809  [       220]
 242 keptBest      -8.789    -8.789  [       222]
 243   Random      -8.048    -8.048  [         0]
 244   Random      -8.645    -8.645  [         0]
 245   Random      -8.301    -8.301  [         0]
 246   Random      -8.676    -8.676  [         0]
 247  Heredity     -8.937    -8.950  [  219  218]
 248  Heredity     -8.949    -8.947  [  218  219]
 249   Random      -8.734    -8.734  [         0]
 250   Random      -8.646    -8.646  [         0]
 251  Heredity     -8.895    -8.923  [  224  219]
 252  Heredity     -8.959    -8.923  [  219  224]
 253  Heredity     -8.917    -8.904  [  235  219]
 254   RandTop     -8.659    -8.659  [         0]
 255   RandTop     -8.704    -8.704  [         0]
 256  Heredity     -8.766    -8.827  [  224  223]
 257   RandTop     -8.722    -8.722  [         0]
 258   Random      -8.303    -8.303  [         0]
 259   Random      -8.346    -8.346  [         0]
 260 Permutate     -8.943    -8.917  [       253]
 261 Permutate     -8.958    -8.956  [       237]
 262  Heredity     -8.949    -8.942  [  248  247]
 263  Heredity     -8.916    -8.923  [  251  247]
 264   Random      -8.908    -8.908  [         0]
 265 keptBest      -8.959    -8.959  [       240]
 266 keptBest      -8.809    -8.809  [       241]
 267 keptBest      -8.789    -8.789  [       242]
 268   Random      -8.747    -8.747  [         0]
 269   Random      -7.717    -7.717  [         0]
 270  Heredity     -8.939    -8.910  [  251  248]
 271   Random      -8.047    -8.047  [         0]
 272  Heredity     -8.914    -8.933  [  248  251]
 273   Random      -8.348    -8.348  [         0]
 274   RandTop     -8.798    -8.798  [         0]
 275  Heredity     -8.955    -8.954  [  248  240]
 276 softmutate    -8.939    -8.959  [       240]
 277   RandTop     -8.649    -8.649  [         0]
 278   RandTop     -8.880    -8.880  [         0]
 279  Heredity     -8.925    -8.946  [  240  247]
 280   Random      -8.820    -8.820  [         0]
 281  Heredity     -8.937    -8.952  [  262  275]
 282   Random      -7.794    -7.794  [         0]
 283 Permutate     -8.958    -8.958  [       261]
 284 Permutate     -8.942    -8.955  [       275]
 285  Heredity     -8.944    -8.951  [  275  262]
 286  Heredity     -8.963    -8.932  [  265  264]
 287 keptBest      -8.959    -8.959  [       265]
 288  Heredity     -8.957    -8.942  [  264  275]
 289   Random      -8.588    -8.588  [         0]
 290 keptBest      -8.809    -8.809  [       266]
 291 keptBest      -8.789    -8.789  [       267]
 292  Heredity     -8.950    -8.919  [  279  263]
 293  Heredity     -8.933    -8.947  [  263  265]
 294   Random      -8.648    -8.648  [         0]
 295   Random      -8.594    -8.594  [         0]
 296   Random      -8.630    -8.630  [         0]
 297   Random      -8.556    -8.556  [         0]
 298   RandTop     -8.799    -8.799  [         0]
 299 softmutate    -8.926    -8.955  [       275]
 300   RandTop     -8.834    -8.834  [         0]
 301   RandTop     -8.880    -8.880  [         0]
 302  Heredity     -8.936    -8.955  [  262  261]
 303   Random      -8.741    -8.741  [         0]
 304   Random      -8.265    -8.265  [         0]
 305   RandTop     -7.252    -7.252  [         0]
 306 Permutate     -8.952    -8.936  [       302]
 307 Permutate     -8.946    -8.959  [       287]
 308   Random      -8.391    -8.391  [         0]
 309 keptBest      -8.963    -8.963  [       286]
 310  Heredity     -8.918    -8.939  [  285  302]
 311  Heredity     -8.933    -8.937  [  302  281]
 312  Heredity     -8.959    -8.962  [  286  287]
 313  Heredity     -8.959    -8.961  [  287  286]
 314  Heredity     -8.959    -8.962  [  287  286]
 315  Heredity     -8.915    -8.952  [  281  287]
 316   Random      -8.268    -8.268  [         0]
 317   Random      -8.301    -8.301  [         0]
 318 keptBest      -8.809    -8.809  [       290]
 319   Random      -8.323    -8.323  [         0]
 320 keptBest      -8.789    -8.789  [       291]
 321  Heredity     -8.911    -8.950  [  286  285]
 322   Random      -8.140    -8.140  [         0]
 323   Random      -8.386    -8.386  [         0]
 324   RandTop     -8.859    -8.859  [         0]
 325   RandTop     -8.925    -8.925  [         0]
 326  Heredity     -8.959    -8.961  [  312  309]
 327   Random      -8.468    -8.468  [         0]
 328 Permutate     -8.925    -8.918  [       310]
 329 Permutate     -8.931    -8.859  [       324]
 330 keptBest      -8.963    -8.963  [       309]
 331  Heredity     -8.963    -8.961  [  312  309]
 332  Heredity     -8.934    -8.962  [  312  309]
 333 keptBest      -8.809    -8.809  [       318]
 334  Heredity     -8.959    -8.961  [  312  309]
 335  Heredity     -8.963    -8.946  [  321  312]
 336   Random      -8.390    -8.390  [         0]
 337 keptBest      -8.789    -8.789  [       320]
 338   Random      -8.385    -8.385  [         0]
 339   Random      -8.580    -8.580  [         0]
 340   Random      -8.445    -8.445  [         0]
 341  Heredity     -8.933    -8.937  [  310  312]
 342  Heredity     -8.936    -8.947  [  312  311]
 343   RandTop     -8.820    -8.820  [         0]
 344   RandTop     -8.636    -8.636  [         0]
 345   Random      -8.658    -8.658  [         0]
 346   RandTop     -8.722    -8.722  [         0]
 347   Random      -8.899    -8.899  [         0]
 348   Random      -7.896    -7.896  [         0]
 349   Random      -8.516    -8.516  [         0]
 350 Permutate     -8.962    -8.959  [       326]
 351 Permutate     -8.958    -8.959  [       326]
 352   Random      -8.205    -8.205  [         0]
 353  Heredity     -8.947    -8.960  [  326  331]
 354  Heredity     -8.934    -8.954  [  332  331]
 355  Heredity     -8.934    -8.952  [  332  331]
 356  Heredity     -8.912    -8.955  [  331  342]
 357  Heredity     -8.932    -8.935  [  342  341]
 358   Random      -8.526    -8.526  [         0]
 359 keptBest      -8.963    -8.963  [       331]
 360 keptBest      -8.809    -8.809  [       333]
 361 keptBest      -8.789    -8.789  [       337]
 362   Random      -8.484    -8.484  [         0]
 363  Heredity     -8.931    -8.954  [  331  341]
 364 softmutate    -8.876    -8.963  [       331]
 365  Heredity     -8.912    -8.934  [  332  341]
 366   Random      -8.633    -8.633  [         0]
 367   Random      -8.944    -8.944  [         0]
 368   RandTop     -8.810    -8.810  [         0]
 369   RandTop     -8.847    -8.847  [         0]
 370   Random      -8.314    -8.314  [         0]
 371   Random      -8.168    -8.168  [         0]
 372 Permutate     -8.960    -8.912  [       365]
 373 Permutate     -8.942    -8.944  [       367]
 374   Random      -8.380    -8.380  [         0]
 375 keptBest      -8.963    -8.963  [       359]
 376  Heredity     -8.923    -8.922  [  357  365]
 377  Heredity     -8.934    -8.950  [  359  355]
 378  Heredity     -8.963    -8.960  [  359  351]
 379  Heredity     -8.963    -8.940  [  357  351]
 380  Heredity     -8.946    -8.946  [  359  357]
 381 keptBest      -8.809    -8.809  [       360]
 382 keptBest      -8.789    -8.789  [       361]
 383   Random      -8.303    -8.303  [         0]
 384   Random      -8.642    -8.642  [         0]
 385  Heredity     -8.910    -8.955  [  357  359]
 386   Random      -8.531    -8.531  [         0]
 387  Heredity     -8.843    -8.947  [  351  357]
 388   Random      -8.529    -8.529  [         0]
 389   RandTop     -8.876    -8.876  [         0]
 390   RandTop     -8.880    -8.880  [         0]
 391   RandTop     -8.661    -8.661  [         0]
 392   Random      -7.794    -7.794  [         0]
 393  Heredity     -8.959    -8.959  [  375  380]
 394  Heredity     -8.935    -8.914  [  376  385]
 395  Heredity     -8.949    -8.951  [  380  375]
 396 keptBest      -8.963    -8.963  [       375]
 397   Random      -7.724    -7.724  [         0]
 398   Random      -8.184    -8.184  [         0]
 399   RandTop     -7.248    -7.248  [         0]
 400 Permutate     -8.917    -8.923  [       376]
 401 Permutate     -8.958    -8.963  [       375]
 402  Heredity     -8.946    -8.953  [  380  375]
 403  Heredity     -8.941    -8.922  [  385  380]
 404 keptBest      -8.809    -8.809  [       381]
 405 keptBest      -8.789    -8.789  [       382]
 406   Random      -8.128    -8.128  [         0]
 407   Random      -8.467    -8.467  [         0]
 408   Random      -8.271    -8.271  [         0]
 409 softmutate    -8.776    -8.876  [       389]
 410   Random      -8.488    -8.488  [         0]
 411   Random      -8.063    -8.063  [         0]
 412  Heredity     -8.890    -8.911  [  373  389]
 413   RandTop     -8.880    -8.880  [         0]
 414   RandTop     -8.794    -8.794  [         0]
 415   Random      -7.724    -7.724  [         0]
 416 Permutate     -8.946    -8.941  [       403]
 417   Random      -7.649    -7.649  [         0]
 418  Heredity     -8.959    -8.946  [  393  403]
 419  Heredity     -8.935    -8.952  [  396  403]
 420  Heredity     -8.963    -8.961  [  393  396]
 421  Heredity     -8.963    -8.961  [  396  393]
 422  Heredity     -8.963    -8.961  [  393  396]
 423   Random      -8.049    -8.049  [         0]
 424   Random      -8.303    -8.303  [         0]
 425 keptBest      -8.963    -8.963  [       396]
 426 keptBest      -8.809    -8.809  [       404]
 427 keptBest      -8.789    -8.789  [       405]
 428  Heredity     -8.934    -8.922  [  412  396]
 429   Random      -8.634    -8.634  [         0]
 430   Random      -8.562    -8.562  [         0]
 431 Permutate     -8.862    -8.776  [       409]
 432   Random      -8.082    -8.082  [         0]
 433 softmutate    -8.892    -8.890  [       412]
 434  Heredity     -8.667    -8.937  [  403  394]
 435   RandTop     -8.784    -8.784  [         0]
 436   RandTop     -8.800    -8.800  [         0]
 437   RandTop     -8.724    -8.724  [         0]
 438  Heredity     -8.934    -8.940  [  419  416]
 439  Heredity     -8.963    -8.960  [  418  420]
 440  Heredity     -8.946    -8.952  [  416  418]
 441  Heredity     -8.947    -8.956  [  420  419]
 442  Heredity     -8.959    -8.961  [  418  420]
 443   Random      -8.454    -8.454  [         0]
 444   Random      -7.766    -7.766  [         0]
 445   Random      -8.303    -8.303  [         0]
 446 Permutate     -8.933    -8.959  [       418]
 447 Permutate     -8.925    -8.935  [       419]
 448 keptBest      -8.963    -8.963  [       420]
 449  Heredity     -8.959    -8.962  [  418  420]
 450 keptBest      -8.809    -8.809  [       426]
 451 keptBest      -8.789    -8.789  [       427]
 452  Heredity     -8.939    -8.935  [  419  428]
 453   Random      -8.482    -8.482  [         0]
 454   Random      -8.589    -8.589  [         0]
 455   RandTop     -8.724    -8.724  [         0]
 456   RandTop     -8.928    -8.928  [         0]
 457   RandTop     -8.956    -8.956  [         0]
 458 softmutate    -8.936    -8.935  [       419]
 459   Random      -8.276    -8.276  [         0]
 460 Permutate     -8.945    -8.939  [       452]
 461   Random      -8.303    -8.303  [         0]
 462  Heredity     -8.959    -8.960  [  448  442]
 463  Heredity     -8.963    -8.961  [  448  442]
 464  Heredity     -8.959    -8.961  [  442  448]
 465  Heredity     -8.946    -8.960  [  448  442]
 466 keptBest      -8.963    -8.963  [       448]
 467   Random      -8.409    -8.409  [         0]
 468 Permutate     -8.812    -8.809  [       450]
 469 keptBest      -8.809    -8.809  [       450]
 470 keptBest      -8.789    -8.789  [       451]
 471   Random      -8.050    -8.050  [         0]
 472  Heredity     -8.959    -8.962  [  442  448]
 473  Heredity     -8.891    -8.938  [  458  452]
 474   Random      -8.699    -8.699  [         0]
 475   RandTop     -8.805    -8.805  [         0]
 476   Random      -8.583    -8.583  [         0]
 477   RandTop     -8.724    -8.724  [         0]
 478  Heredity     -8.919    -8.948  [  457  452]
 479   RandTop     -8.707    -8.707  [         0]
 480   Random      -8.752    -8.752  [         0]
 481   Random      -8.456    -8.456  [         0]
 482  Heredity     -8.947    -8.960  [  466  464]
 483  Heredity     -8.934    -8.961  [  466  464]
 484  Heredity     -8.947    -8.911  [  464  473]
 485   Random      -8.391    -8.391  [         0]
 486 keptBest      -8.963    -8.963  [       466]
 487   Random      -7.798    -7.798  [         0]
 488  Heredity     -8.951    -8.922  [  473  464]
 489 keptBest      -8.812    -8.812  [       468]
 490 keptBest      -8.789    -8.789  [       470]
 491  Heredity     -8.945    -8.957  [  466  460]
 492  Heredity     -8.947    -8.956  [  466  460]
 493  Heredity     -8.934    -8.909  [  473  466]
 494   Random      -8.734    -8.734  [         0]
 495   Random      -8.291    -8.291  [         0]
 496   Random      -8.641    -8.641  [         0]
 497   Random      -8.410    -8.410  [         0]
 498   Random      -8.358    -8.358  [         0]
 499   RandTop     -8.860    -8.860  [         0]
 500 Permutate     -8.951    -8.812  [       468]
 501   RandTop     -8.805    -8.805  [         0]
 502 Permutate     -8.855    -8.583  [       476]
 503   RandTop     -8.837    -8.837  [         0]
 504   Random      -7.896    -7.896  [         0]
 505   Random      -7.724    -7.724  [         0]
 506  Heredity     -8.934    -8.941  [  488  493]
 507  Heredity     -8.947    -8.946  [  488  493]
 508  Heredity     -8.959    -8.960  [  486  488]
 509  Heredity     -8.947    -8.948  [  483  486]
 510  Heredity     -8.947    -8.945  [  488  483]
 511 keptBest      -8.963    -8.963  [       486]
 512 Permutate     -8.934    -8.963  [       486]
 513 Permutate     -8.958    -8.951  [       488]
 514 keptBest      -8.812    -8.812  [       489]
 515 keptBest      -8.789    -8.789  [       490]
 516  Heredity     -8.946    -8.946  [  486  493]
 517   Random      -8.441    -8.441  [         0]
 518   Random      -8.783    -8.783  [         0]
 519  Heredity     -8.957    -8.953  [  492  486]
 520   Random      -8.629    -8.629  [         0]
 521   RandTop     -8.766    -8.766  [         0]
 522   RandTop     -8.800    -8.800  [         0]
 523   Random      -8.759    -8.759  [         0]
 524 softmutate    -8.853    -8.855  [       502]
 525   Random      -8.790    -8.790  [         0]
 526   RandTop     -8.713    -8.713  [         0]
 527   Random      -7.794    -7.794  [         0]
 528  Heredity     -8.947    -8.843  [  508  522]
 529  Heredity     -8.963    -8.952  [  511  509]
 530  Heredity     -8.959    -8.866  [  522  511]
 531  Heredity     -8.959    -8.953  [  511  509]
 532  Heredity     -8.946    -8.953  [  511  509]
 533   Random      -8.519    -8.519  [         0]
 534   Random      -8.341    -8.341  [         0]
 535 keptBest      -8.963    -8.963  [       511]
 536 Permutate     -8.934    -8.963  [       511]
 537 Permutate     -8.929    -8.800  [       522]
 538   Random      -8.314    -8.314  [         0]
 539   Random      -8.689    -8.689  [         0]
 540 keptBest      -8.812    -8.812  [       514]
 541 keptBest      -8.789    -8.789  [       515]
 542  Heredity     -8.929    -8.961  [  511  519]
 543   Random      -8.569    -8.569  [         0]
 544   RandTop     -8.810    -8.810  [         0]
 545  Heredity     -8.958    -8.952  [  519  509]
 546   RandTop     -8.756    -8.756  [         0]
 547   RandTop     -8.927    -8.927  [         0]
 548   Random      -7.896    -7.896  [         0]
 549   Random      -8.168    -8.168  [         0]
 550  Heredity     -8.934    -8.962  [  529  530]
 551  Heredity     -8.963    -8.953  [  528  530]
 552  Heredity     -8.959    -8.961  [  530  529]
 553   Random      -7.995    -7.995  [         0]
 554   Random      -8.480    -8.480  [         0]
 555   Random      -8.391    -8.391  [         0]
 556 keptBest      -8.963    -8.963  [       529]
 557 Permutate     -8.948    -8.927  [       547]
 558 Permutate     -8.946    -8.959  [       530]
 559 keptBest      -8.812    -8.812  [       540]
 560 keptBest      -8.789    -8.789  [       541]
 561  Heredity     -8.963    -8.962  [  529  530]
 562  Heredity     -8.946    -8.959  [  529  528]
 563  Heredity     -8.944    -8.941  [  528  537]
 564  Heredity     -8.949    -8.952  [  528  530]
 565   RandTop     -8.765    -8.765  [         0]
 566   Random      -8.326    -8.326  [         0]
 567   Random      -8.619    -8.619  [         0]
 568   RandTop     -8.724    -8.724  [         0]
 569 softmutate    -8.893    -8.812  [       540]
 570   RandTop     -8.928    -8.928  [         0]
 571   Random      -8.456    -8.456  [         0]
 572 Permutate     -8.959    -8.928  [       570]
 573  Heredity     -8.935    -8.956  [  564  556]
 574  Heredity     -8.935    -8.954  [  564  552]
 575  Heredity     -8.953    -8.959  [  562  556]
 576  Heredity     -8.963    -8.949  [  563  552]
 577  Heredity     -8.954    -8.959  [  564  556]
 578  Heredity     -8.924    -8.954  [  562  556]
 579 keptBest      -8.963    -8.963  [       556]
 580 Permutate     -8.945    -8.963  [       556]
 581 keptBest      -8.812    -8.812  [       559]
 582   Random      -8.205    -8.205  [         0]
 583 keptBest      -8.789    -8.789  [       560]
 584   Random      -8.366    -8.366  [         0]
 585   Random      -8.449    -8.449  [         0]
 586   Random      -8.621    -8.621  [         0]
 587   RandTop     -8.800    -8.800  [         0]
 588   Random      -8.402    -8.402  [         0]
 589 softmutate    -8.938    -8.789  [       560]
 590  Heredity     -8.787    -8.898  [  570  559]
 591   Random      -8.580    -8.580  [         0]
 592   RandTop     -8.957    -8.957  [         0]
 593   RandTop     -8.662    -8.662  [         0]
 594   Random      -8.466    -8.466  [         0]
 595   Random      -8.635    -8.635  [         0]
 596 Permutate     -8.958    -8.963  [       579]
 597 Permutate     -8.946    -8.945  [       580]
 598   Random      -8.030    -8.030  [         0]
 599  Heredity     -8.925    -8.951  [  579  573]
 600  Heredity     -8.934    -8.956  [  579  580]
 601  Heredity     -8.950    -8.953  [  579  580]
 602  Heredity     -8.937    -8.949  [  579  573]
 603  Heredity     -8.947    -8.951  [  579  580]
 604  Heredity     -8.963    -8.954  [  579  580]
 605   Random      -8.769    -8.769  [         0]
 606   Random      -8.334    -8.334  [         0]
 607   Random      -8.368    -8.368  [         0]
 608 keptBest      -8.963    -8.963  [       579]
 609 keptBest      -8.812    -8.812  [       581]
 610 keptBest      -8.789    -8.789  [       583]
 611 softmutate    -8.881    -8.959  [       572]
 612   Random      -8.546    -8.546  [         0]
 613  Heredity     -8.799    -8.880  [  593  572]
 614   RandTop     -8.860    -8.860  [         0]
 615   RandTop     -8.800    -8.800  [         0]
 616 softmutate    -8.690    -8.959  [       572]
 617   RandTop     -8.606    -8.606  [         0]
 618   Random      -7.719    -7.719  [         0]
 619 Permutate     -8.961    -8.881  [       611]
 620  Heredity     -8.926    -8.951  [  596  602]
 621  Heredity     -8.959    -8.961  [  608  596]
 622  Heredity     -8.934    -8.961  [  608  596]
 623  Heredity     -8.942    -8.953  [  608  602]
 624  Heredity     -8.944    -8.947  [  596  602]
 625   Random      -8.168    -8.168  [         0]
 626 keptBest      -8.963    -8.963  [       608]
 627   Random      -8.320    -8.320  [         0]
 628 keptBest      -8.812    -8.812  [       609]
 629 keptBest      -8.789    -8.789  [       610]
 630  Heredity     -8.934    -8.946  [  608  602]
 631  Heredity     -8.914    -8.947  [  599  608]
 632   Random      -8.599    -8.599  [         0]
 633   Random      -8.421    -8.421  [         0]
 634   RandTop     -8.844    -8.844  [         0]
 635   RandTop     -8.683    -8.683  [         0]
 636 Permutate     -8.896    -8.690  [       616]
 637   Random      -8.590    -8.590  [         0]
 638   RandTop     -8.775    -8.775  [         0]
 639   Random      -8.564    -8.564  [         0]
 640 Permutate     -8.934    -8.934  [       622]
 641  Heredity     -8.950    -8.946  [  622  626]
 642  Heredity     -8.957    -8.957  [  624  626]
 643  Heredity     -8.923    -8.958  [  624  626]
 644  Heredity     -8.927    -8.946  [  631  626]
 645  Heredity     -8.945    -8.939  [  620  624]
 646 keptBest      -8.963    -8.963  [       626]
 647   Random      -8.024    -8.024  [         0]
 648   Random      -8.427    -8.427  [         0]
 649   Random      -8.516    -8.516  [         0]
 650 keptBest      -8.812    -8.812  [       628]
 651 keptBest      -8.789    -8.789  [       629]
 652  Heredity     -8.924    -8.923  [  622  631]
 653  Heredity     -8.926    -8.951  [  620  626]
 654   Random      -8.578    -8.578  [         0]
 655 Permutate     -8.924    -8.789  [       629]
 656   Random      -8.468    -8.468  [         0]
 657   Random      -8.646    -8.646  [         0]
 658   RandTop     -8.699    -8.699  [         0]
 659   RandTop     -8.837    -8.837  [         0]
 660   RandTop     -8.646    -8.646  [         0]
 661  Heredity     -8.950    -8.935  [  641  644]
 662  Heredity     -8.959    -8.954  [  641  646]
 663  Heredity     -8.959    -8.941  [  642  640]
 664   Random      -8.653    -8.653  [         0]
 665   Random      -8.518    -8.518  [         0]
 666   Random      -7.532    -7.532  [         0]
 667 Permutate     -8.931    -8.945  [       645]
 668 Permutate     -8.945    -8.963  [       646]
 669   Random      -8.635    -8.635  [         0]
 670 keptBest      -8.963    -8.963  [       646]
 671 keptBest      -8.812    -8.812  [       650]
 672  Heredity     -8.919    -8.940  [  645  640]
 673  Heredity     -8.932    -8.929  [  643  640]
 674  Heredity     -8.950    -8.953  [  642  641]
 675  Heredity     -8.924    -8.941  [  643  642]
 676 keptBest      -8.789    -8.789  [       651]
 677   Random      -8.605    -8.605  [         0]
 678   Random      -8.331    -8.331  [         0]
 679   Random      -8.710    -8.710  [         0]
 680   RandTop     -8.699    -8.699  [         0]
 681   RandTop     -8.820    -8.820  [         0]
 682   Random      -8.636    -8.636  [         0]
 683   RandTop     -8.694    -8.694  [         0]
 684   Random      -8.433    -8.433  [         0]
 685 Permutate     -8.932    -8.931  [       667]
 686  Heredity     -8.949    -8.942  [  673  661]
 687  Heredity     -8.949    -8.962  [  670  662]
 688  Heredity     -8.946    -8.954  [  667  670]
 689  Heredity     -8.959    -8.942  [  662  667]
 690  Heredity     -8.950    -8.938  [  661  673]
 691  Heredity     -8.935    -8.932  [  667  673]
 692  Heredity     -8.934    -8.941  [  661  673]
 693 keptBest      -8.963    -8.963  [       670]
 694 Permutate     -8.933    -8.932  [       673]
 695 keptBest      -8.812    -8.812  [       671]
 696   Random      -7.952    -7.952  [         0]
 697 keptBest      -8.789    -8.789  [       676]
 698   Random      -8.454    -8.454  [         0]
 699   Random      -8.619    -8.619  [         0]
 700   Random      -8.575    -8.575  [         0]
 701   Random      -8.552    -8.552  [         0]
 702   RandTop     -8.805    -8.805  [         0]
 703   RandTop     -8.973    -8.973  [         0]
 704   RandTop     -8.644    -8.644  [         0]
 705   Random      -8.946    -8.946  [         0]
 706 Permutate     -8.955    -8.946  [       705]
 707   Random      -7.724    -7.724  [         0]
 708  Heredity     -8.963    -8.960  [  689  693]
 709  Heredity     -8.930    -8.954  [  693  685]
 710  Heredity     -8.935    -8.937  [  688  685]
 711  Heredity     -8.959    -8.962  [  689  693]
 712  Heredity     -8.930    -8.951  [  689  688]
 713  Heredity     -8.933    -8.941  [  688  685]
 714  Heredity     -8.944    -8.939  [  688  685]
 715   Random      -8.303    -8.303  [         0]
 716   Random      -7.896    -7.896  [         0]
 717   Random      -8.391    -8.391  [         0]
 718 keptBest      -8.973    -8.973  [       703]
 719 Permutate     -8.952    -8.973  [       703]
 720   Random      -8.535    -8.535  [         0]
 721   Random      -8.556    -8.556  [         0]
 722 keptBest      -8.812    -8.812  [       695]
 723 keptBest      -8.789    -8.789  [       697]
 724   Random      -8.856    -8.856  [         0]
 725   Random      -8.556    -8.556  [         0]
 726   RandTop     -8.916    -8.916  [         0]
 727   RandTop     -8.784    -8.784  [         0]
 728   RandTop     -8.827    -8.827  [         0]
 729  Heredity     -8.946    -8.945  [  708  712]
 730  Heredity     -8.925    -8.932  [  710  709]
 731  Heredity     -8.935    -8.938  [  710  714]
 732  Heredity     -8.890    -8.929  [  719  726]
 733  Heredity     -8.924    -8.928  [  726  719]
 734  Heredity     -8.948    -8.957  [  708  714]
 735  Heredity     -8.950    -8.960  [  708  711]
 736   Random      -7.794    -7.794  [         0]
 737   Random      -8.595    -8.595  [         0]
 738   Random      -8.443    -8.443  [         0]
 739   Random      -8.391    -8.391  [         0]
 740   Random      -8.278    -8.278  [         0]
 741   RandTop     -8.751    -8.751  [         0]
 742   RandTop     -8.133    -8.133  [         0]
 743 Permutate     -8.952    -8.973  [       718]
 744 Permutate     -8.928    -8.916  [       726]
 745   Random      -8.333    -8.333  [         0]
 746   Random      -8.004    -8.004  [         0]
 747 softmutate    -8.779    -8.827  [       728]
 748 keptBest      -8.973    -8.973  [       718]
 749 keptBest      -8.856    -8.856  [       724]
 750 keptBest      -8.789    -8.789  [       723]
 751   RandTop     -8.622    -8.622  [         0]
 752   Random      -7.835    -7.835  [         0]
 753 Permutate     -8.953    -8.952  [       743]
 754  Heredity     -8.962    -8.946  [  731  735]
 755  Heredity     -8.929    -8.945  [  744  743]
 756  Heredity     -8.952    -8.961  [  748  743]
 757  Heredity     -8.953    -8.963  [  743  748]
 758  Heredity     -8.948    -8.936  [  744  743]
 759  Heredity     -8.935    -8.945  [  734  731]
 760   Random      -8.931    -8.931  [         0]
 761   Random      -8.131    -8.131  [         0]
 762   Random      -8.510    -8.510  [         0]
 763 keptBest      -8.973    -8.973  [       748]
 764 Permutate     -8.952    -8.973  [       748]
 765 keptBest      -8.856    -8.856  [       749]
 766   Random      -8.467    -8.467  [         0]
 767 keptBest      -8.789    -8.789  [       750]
 768  Heredity     -8.938    -8.917  [  743  732]
 769   Random      -8.196    -8.196  [         0]
 770   RandTop     -8.916    -8.916  [         0]
 771 softmutate    -8.821    -8.973  [       748]
 772   RandTop     -8.754    -8.754  [         0]
 773   Random      -8.551    -8.551  [         0]
 774   RandTop     -8.928    -8.928  [         0]
 775  Heredity     -8.946    -8.942  [  768  757]
 776   Random      -7.720    -7.720  [         0]
 777  Heredity     -8.949    -8.928  [  770  768]
 778 keptBest      -8.973    -8.973  [       763]
 779  Heredity     -8.952    -8.945  [  768  757]
 780  Heredity     -8.932    -8.963  [  757  763]
 781  Heredity     -8.952    -8.958  [  763  757]
 782  Heredity     -8.944    -8.944  [  759  754]
 783   Random      -8.551    -8.551  [         0]
 784   Random      -8.393    -8.393  [         0]
 785   Random      -7.896    -7.896  [         0]
 786 keptBest      -8.856    -8.856  [       765]
 787 Permutate     -8.952    -8.973  [       763]
 788 Permutate     -8.928    -8.916  [       770]
 789 keptBest      -8.789    -8.789  [       767]
 790  Heredity     -8.933    -8.944  [  759  754]
 791   Random      -8.906    -8.906  [         0]
 792   Random      -8.350    -8.350  [         0]
 793   RandTop     -8.644    -8.644  [         0]
 794   Random      -8.634    -8.634  [         0]
 795   RandTop     -8.928    -8.928  [         0]
 796   RandTop     -8.928    -8.928  [         0]
 797 softmutate    -8.893    -8.928  [       774]
 798  Heredity     -8.951    -8.937  [  779  788]
 799  Heredity     -8.952    -8.940  [  780  779]
 800   Random      -8.107    -8.107  [         0]
 801   Random      -7.650    -7.650  [         0]
 802 Permutate     -8.946    -8.928  [       796]
 803 keptBest      -8.973    -8.973  [       778]
 804  Heredity     -8.959    -8.911  [  779  797]
 805  Heredity     -8.950    -8.950  [  779  777]
 806 keptBest      -8.856    -8.856  [       786]
 807  Heredity     -8.922    -8.938  [  780  779]
 808   Random      -8.491    -8.491  [         0]
 809 keptBest      -8.789    -8.789  [       789]
 810 Permutate     -8.919    -8.932  [       780]
 811   Random      -8.413    -8.413  [         0]
 812  Heredity     -8.761    -8.951  [  779  777]
 813  Heredity     -8.933    -8.928  [  795  796]
 814   Random      -8.738    -8.738  [         0]
 815   Random      -8.708    -8.708  [         0]
 816 softmutate    -8.827    -8.952  [       779]
 817   RandTop     -8.811    -8.811  [         0]
 818   Random      -8.558    -8.558  [         0]
 819   RandTop     -8.973    -8.973  [         0]
 820   RandTop     -8.671    -8.671  [         0]
 821  Heredity     -8.950    -8.939  [  807  819]
 822  Heredity     -8.846    -8.939  [  813  802]
 823  Heredity     -8.923    -8.955  [  799  804]
 824  Heredity     -8.954    -8.955  [  804  799]
 825 Permutate     -8.922    -8.919  [       810]
 826 Permutate     -8.929    -8.959  [       804]
 827   Random      -8.614    -8.614  [         0]
 828 keptBest      -8.973    -8.973  [       819]
 829 keptBest      -8.856    -8.856  [       806]
 830 keptBest      -8.789    -8.789  [       809]
 831   Random      -8.366    -8.366  [         0]
 832   Random      -8.459    -8.459  [         0]
 833   Random      -8.718    -8.718  [         0]
 834   RandTop     -8.784    -8.784  [         0]
 835  Heredity     -8.926    -8.959  [  799  819]
 836   Random      -8.522    -8.522  [         0]
 837   RandTop     -8.725    -8.725  [         0]
 838   Random      -8.433    -8.433  [         0]
 839  Heredity     -8.719    -8.964  [  819  799]
 840   Random      -8.715    -8.715  [         0]
 841 softmutate    -8.827    -8.959  [       804]
 842   RandTop     -8.739    -8.739  [         0]
 843  Heredity     -8.794    -8.962  [  819  799]
 844  Heredity     -8.931    -8.853  [  826  841]
 845  Heredity     -8.935    -8.959  [  828  824]
 846   Random      -8.079    -8.079  [         0]
 847 Permutate     -8.928    -8.929  [       826]
 848   Random      -7.724    -7.724  [         0]
 849   Random      -8.373    -8.373  [         0]
 850 keptBest      -8.973    -8.973  [       828]
 851 keptBest      -8.856    -8.856  [       829]
 852  Heredity     -8.946    -8.928  [  826  835]
 853 keptBest      -8.789    -8.789  [       830]
 854  Heredity     -8.919    -8.870  [  839  824]
 855  Heredity     -8.921    -8.906  [  843  828]
 856   Random      -8.825    -8.825  [         0]
 857   RandTop     -8.766    -8.766  [         0]
 858 Permutate     -8.968    -8.719  [       839]
 859  Heredity     -8.940    -8.900  [  824  843]
 860   Random      -8.621    -8.621  [         0]
 861   RandTop     -8.484    -8.484  [         0]
 862  Heredity     -8.853    -8.764  [  837  841]
 863   Random      -8.782    -8.782  [         0]
 864   RandTop     -8.837    -8.837  [         0]
 865  Heredity     -8.946    -8.942  [  852  859]
 866  Heredity     -8.968    -8.943  [  858  844]
 867  Heredity     -8.952    -8.939  [  850  855]
 868  Heredity     -8.961    -8.942  [  844  858]
 869   Random      -7.724    -7.724  [         0]
 870 keptBest      -8.973    -8.973  [       850]
 871 keptBest      -8.856    -8.856  [       851]
 872 keptBest      -8.789    -8.789  [       853]
 873  Heredity     -8.940    -8.944  [  859  852]
 874  Heredity     -8.940    -8.966  [  852  850]
 875   Random      -8.544    -8.544  [         0]
 876   Random      -8.550    -8.550  [         0]
 877   Random      -8.210    -8.210  [         0]
 878   Random      -8.323    -8.323  [         0]
 879 Permutate     -8.928    -8.968  [       858]
 880 Permutate     -8.921    -8.973  [       850]
 881   Random      -8.754    -8.754  [         0]
 882 softmutate    -8.833    -8.856  [       851]
 883   Random      -8.771    -8.771  [         0]
 884  Heredity     -8.704    -8.949  [  854  850]
 885   RandTop     -8.722    -8.722  [         0]
 886   RandTop     -8.789    -8.789  [         0]
 887   RandTop     -8.862    -8.862  [         0]
 888  Heredity     -8.930    -8.958  [  866  879]
 889  Heredity     -8.952    -8.958  [  870  867]
 890  Heredity     -8.936    -8.948  [  865  867]
 891  Heredity     -8.951    -8.964  [  866  867]
 892 keptBest      -8.973    -8.973  [       870]
 893  Heredity     -8.941    -8.970  [  870  866]
 894   Random      -8.213    -8.213  [         0]
 895   Random      -8.570    -8.570  [         0]
 896 Permutate     -8.942    -8.946  [       865]
 897 Permutate     -8.952    -8.973  [       870]
 898 keptBest      -8.856    -8.856  [       871]
 899 keptBest      -8.789    -8.789  [       872]
 900   Random      -8.328    -8.328  [         0]
 901  Heredity     -8.953    -8.953  [  873  866]
 902   RandTop     -8.800    -8.800  [         0]
 903   Random      -8.626    -8.626  [         0]
 904   Random      -8.631    -8.631  [         0]
 905  Heredity     -8.947    -8.957  [  867  866]
 906   RandTop     -8.924    -8.924  [         0]
 907   Random      -8.713    -8.713  [         0]
 908   RandTop     -8.851    -8.851  [         0]
 909   Random      -8.217    -8.217  [         0]
 910  Heredity     -8.953    -8.939  [  890  905]
 911  Heredity     -8.933    -8.944  [  905  890]
 912  Heredity     -8.913    -8.949  [  889  905]
 913  Heredity     -8.939    -8.959  [  892  901]
 914   Random      -8.357    -8.357  [         0]
 915   Random      -8.502    -8.502  [         0]
 916 keptBest      -8.973    -8.973  [       892]
 917   Random      -8.405    -8.405  [         0]
 918 Permutate     -8.930    -8.930  [       888]
 919 Permutate     -8.950    -8.973  [       892]
 920 keptBest      -8.856    -8.856  [       898]
 921 keptBest      -8.789    -8.789  [       899]
 922  Heredity     -8.950    -8.963  [  890  892]
 923   Random      -8.236    -8.236  [         0]
 924 softmutate    -8.921    -8.930  [       888]
 925   RandTop     -8.860    -8.860  [         0]
 926   Random      -8.668    -8.668  [         0]
 927  Heredity     -8.931    -8.968  [  901  892]
 928  Heredity     -8.939    -8.949  [  901  905]
 929   RandTop     -8.789    -8.789  [         0]
 930   RandTop     -8.724    -8.724  [         0]
 931   Random      -8.782    -8.782  [         0]
 932  Heredity     -8.952    -8.948  [  913  910]
 933  Heredity     -8.939    -8.934  [  927  913]
 934   Random      -8.607    -8.607  [         0]
 935 Permutate     -8.952    -8.973  [       916]
 936   Random      -8.348    -8.348  [         0]
 937  Heredity     -8.924    -8.924  [  911  912]
 938  Heredity     -8.952    -8.949  [  916  911]
 939  Heredity     -8.885    -8.963  [  910  916]
 940 keptBest      -8.973    -8.973  [       916]
 941 keptBest      -8.856    -8.856  [       920]
 942   Random      -8.153    -8.153  [         0]
 943 keptBest      -8.789    -8.789  [       921]
 944 Permutate     -8.869    -8.856  [       920]
 945  Heredity     -8.942    -8.932  [  911  927]
 946  Heredity     -8.695    -8.943  [  916  927]
 947   Random      -8.841    -8.841  [         0]
 948   RandTop     -8.698    -8.698  [         0]
 949   RandTop     -8.670    -8.670  [         0]
 950   RandTop     -8.880    -8.880  [         0]
 951   Random      -8.660    -8.660  [         0]
 952   Random      -8.512    -8.512  [         0]
 953   Random      -8.935    -8.935  [         0]
 954   Random      -8.519    -8.519  [         0]
 955   Random      -7.724    -7.724  [         0]
 956  Heredity     -8.953    -8.961  [  940  945]
 957  Heredity     -8.949    -8.939  [  937  940]
 958 keptBest      -8.973    -8.973  [       940]
 959 keptBest      -8.869    -8.869  [       944]
 960 Permutate     -8.952    -8.924  [       937]
 961 Permutate     -8.940    -8.942  [       945]
 962 keptBest      -8.789    -8.789  [       943]
 963   Random      -8.186    -8.186  [         0]
 964   Random      -8.454    -8.454  [         0]
 965  Heredity     -8.908    -8.954  [  937  940]
 966   Random      -8.747    -8.747  [         0]
 967   Random      -8.662    -8.662  [         0]
 968   RandTop     -8.915    -8.915  [         0]
 969 softmutate    -8.863    -8.885  [       939]
 970  Heredity     -8.932    -8.929  [  937  945]
 971   RandTop     -8.855    -8.855  [         0]
 972  Heredity     -8.788    -8.946  [  939  940]
 973  Heredity     -8.935    -8.953  [  945  940]
 974   RandTop     -8.776    -8.776  [         0]
 975   Random      -8.703    -8.703  [         0]
 976  Heredity     -8.799    -8.947  [  945  932]
 977  Heredity     -8.952    -8.959  [  956  958]
 978  Heredity     -8.932    -8.959  [  956  958]
 979  Heredity     -8.947    -8.961  [  956  958]
 980  Heredity     -8.950    -8.933  [  958  968]
 981  Heredity     -8.948    -8.920  [  956  965]
 982 keptBest      -8.973    -8.973  [       958]
 983  Heredity     -8.866    -8.941  [  956  965]
 984   Random      -7.798    -7.798  [         0]
 985   Random      -7.798    -7.798  [         0]
 986   Random      -8.959    -8.959  [         0]
 987 Permutate     -8.919    -8.863  [       969]
 988 Permutate     -8.918    -8.855  [       971]
 989   Random      -8.767    -8.767  [         0]
 990   Random      -8.251    -8.251  [         0]
 991 keptBest      -8.869    -8.869  [       959]
 992 keptBest      -8.789    -8.789  [       962]
 993  Heredity     -8.788    -8.901  [  971  973]
 994   Random      -8.540    -8.540  [         0]
 995   RandTop     -8.698    -8.698  [         0]
 996   Random      -8.546    -8.546  [         0]
 997   RandTop     -8.956    -8.956  [         0]
 998   RandTop     -8.722    -8.722  [         0]
 999   Random      -7.896    -7.896  [         0]
1000  Heredity     -8.952    -8.959  [  977  982]
1001  Heredity     -8.934    -8.953  [  977  997]
1002  Heredity     -8.936    -8.961  [  982  997]
1003  Heredity     -8.931    -8.967  [  982  997]
1004  Heredity     -8.952    -8.938  [  978  977]
1005  Heredity     -8.935    -8.953  [  977  997]
1006 keptBest      -8.973    -8.973  [       982]
1007   Random      -8.235    -8.235  [         0]
1008   Random      -8.803    -8.803  [         0]
1009   Random      -8.535    -8.535  [         0]
1010   Random      -8.587    -8.587  [         0]
1011 Permutate     -8.922    -8.973  [       982]
1012   Random      -8.018    -8.018  [         0]
1013 keptBest      -8.869    -8.869  [       991]
1014 keptBest      -8.789    -8.789  [       992]
1015  Heredity     -8.948    -8.940  [  997  978]
1016   RandTop     -8.927    -8.927  [         0]
1017 softmutate    -8.774    -8.973  [       982]
1018   RandTop     -8.757    -8.757  [         0]
1019   RandTop     -8.692    -8.692  [         0]
1020 Permutate     -8.822    -8.788  [       993]
1021   Random      -8.928    -8.928  [         0]
1022 Permutate     -8.946    -8.927  [      1016]
1023 Permutate     -8.951    -8.952  [      1000]
1024   Random      -8.303    -8.303  [         0]
1025  Heredity     -8.942    -8.939  [1000  1005]
1026 keptBest      -8.973    -8.973  [      1006]
1027 keptBest      -8.869    -8.869  [      1013]
1028 keptBest      -8.803    -8.803  [      1008]
1029   Random      -8.388    -8.388  [         0]
1030  Heredity     -8.952    -8.964  [1000  1006]
1031  Heredity     -8.952    -8.966  [1006  1000]
1032  Heredity     -8.891    -8.945  [1000  1002]
1033  Heredity     -8.908    -8.964  [1006  1000]
1034   Random      -8.460    -8.460  [         0]
1035   Random      -8.683    -8.683  [         0]
1036   Random      -8.463    -8.463  [         0]
1037  Heredity     -8.943    -8.820  [1013  1018]
1038   Random      -8.473    -8.473  [         0]
1039   RandTop     -8.683    -8.683  [         0]
1040   RandTop     -8.860    -8.860  [         0]
1041  Heredity     -8.924    -8.887  [1017  1005]
1042   Random      -8.855    -8.855  [         0]
1043   RandTop     -8.861    -8.861  [         0]
1044 Permutate     -8.946    -8.946  [      1022]
1045   Random      -8.151    -8.151  [         0]
1046  Heredity     -8.947    -8.907  [1032  1030]
1047  Heredity     -8.956    -8.929  [1041  1025]
1048  Heredity     -8.910    -8.945  [1030  1025]
1049  Heredity     -8.906    -8.929  [1032  1026]
1050   Random      -8.218    -8.218  [         0]
1051 keptBest      -8.973    -8.973  [      1026]
1052 Permutate     -8.940    -8.973  [      1026]
1053   Random      -8.518    -8.518  [         0]
1054 keptBest      -8.869    -8.869  [      1027]
1055 keptBest      -8.803    -8.803  [      1028]
1056  Heredity     -8.935    -8.961  [1026  1030]
1057  Heredity     -8.968    -8.932  [1041  1025]
1058   Random      -8.695    -8.695  [         0]
1059   Random      -8.300    -8.300  [         0]
1060   RandTop     -8.915    -8.915  [         0]
1061  Heredity     -8.927    -8.911  [1032  1037]
1062   RandTop     -8.789    -8.789  [         0]
1063   RandTop     -8.707    -8.707  [         0]
1064   Random      -8.060    -8.060  [         0]
1065   Random      -8.077    -8.077  [         0]
1066   Random      -7.787    -7.787  [         0]
1067  Heredity     -8.933    -8.945  [1051  1048]
1068  Heredity     -8.952    -8.963  [1046  1057]
1069  Heredity     -8.965    -8.947  [1056  1047]
1070  Heredity     -8.930    -8.929  [1057  1048]
1071  Heredity     -8.931    -8.955  [1051  1048]
1072  Heredity     -8.929    -8.963  [1051  1056]
1073   Random      -8.404    -8.404  [         0]
1074 keptBest      -8.973    -8.973  [      1051]
1075 keptBest      -8.869    -8.869  [      1054]
1076 Permutate     -8.941    -8.968  [      1057]
1077 Permutate     -8.940    -8.973  [      1051]
1078 keptBest      -8.803    -8.803  [      1055]
1079  Heredity     -8.952    -8.958  [1051  1056]
1080   Random      -8.589    -8.589  [         0]
1081   Random      -8.537    -8.537  [         0]
1082   RandTop     -8.699    -8.699  [         0]
1083   RandTop     -8.687    -8.687  [         0]
1084   RandTop     -8.956    -8.956  [         0]
1085   Random      -8.878    -8.878  [         0]
1086 softmutate    -8.779    -8.906  [      1049]
1087   Random      -7.798    -7.798  [         0]
1088   Random      -8.314    -8.314  [         0]
1089 Permutate     -8.952    -8.952  [      1068]
1090 Permutate     -8.952    -8.952  [      1068]
1091 keptBest      -8.973    -8.973  [      1074]
1092  Heredity     -8.910    -8.963  [1074  1068]
1093  Heredity     -8.904    -8.963  [1074  1076]
1094  Heredity     -8.932    -8.967  [1074  1069]
1095  Heredity     -8.942    -8.949  [1076  1068]
1096  Heredity     -8.899    -8.947  [1068  1076]
1097   Random      -8.418    -8.418  [         0]
1098   Random      -8.813    -8.813  [         0]
1099   Random      -8.430    -8.430  [         0]
1100 keptBest      -8.869    -8.869  [      1075]
1101 keptBest      -8.803    -8.803  [      1078]
1102   Random      -8.576    -8.576  [         0]
1103   Random      -8.362    -8.362  [         0]
1104  Heredity     -8.934    -8.962  [1084  1074]
1105   RandTop     -8.789    -8.789  [         0]
1106   RandTop     -8.649    -8.649  [         0]
1107  Heredity     -8.756    -8.940  [1067  1084]
1108   RandTop     -8.857    -8.857  [         0]
1109  Heredity     -8.935    -8.946  [1104  1089]
1110  Heredity     -8.935    -8.960  [1104  1091]
1111  Heredity     -8.952    -8.948  [1091  1104]
1112  Heredity     -8.950    -8.946  [1104  1091]
1113 keptBest      -8.973    -8.973  [      1091]
1114 keptBest      -8.869    -8.869  [      1100]
1115 Permutate     -8.941    -8.952  [      1089]
1116  Heredity     -8.942    -8.945  [1091  1104]
1117 keptBest      -8.813    -8.813  [      1098]
1118  Heredity     -8.953    -8.945  [1089  1104]
1119  Heredity     -8.908    -8.949  [1091  1096]
1120   Random      -8.481    -8.481  [         0]
1121   Random      -8.490    -8.490  [         0]
1122   Random      -8.709    -8.709  [         0]
1123   RandTop     -8.132    -8.132  [         0]
1124   Random      -8.468    -8.468  [         0]
1125   Random      -7.852    -7.852  [         0]
1126 softmutate    -8.873    -8.899  [      1096]
1127   Random      -8.642    -8.642  [         0]
1128   RandTop     -8.928    -8.928  [         0]
1129 Permutate     -8.832    -8.756  [      1107]
1130   Random      -8.948    -8.948  [         0]
